"plotid"	"plothalfid1"	"inv"	"year"	"ammonifd_B"	"ammonifd_F"	"ammonifd_T"	"minzd_B"	"minzd_F"	"minzd_T"	"nhi_B"	"nhi_F"	"nhi_T"	"nitrifd_B"	"nitrifd_F"	"nitrifd_T"	"noi_B"	"noi_F"	"noi_T"	"soilmoi_B"	"soilmoi_F"	"soilmoi_T"	"som_B"	"som_F"	"som_T"	"toti_B"	"toti_F"	"toti_T"	"mv"	"nat"	"litter"	"percpar"	"soiltemp"	"total"	"soilBasin"	"nTrees"	"BA_total"	"PercBA_ECM"
"1"	1	"I_1"	"I"	2011	NA	0.003	NA	NA	0.0067	NA	NA	1.2285	NA	NA	0.0037	NA	NA	0.882	NA	NA	11.4754	NA	NA	2.7778	NA	NA	2.1106	NA	2.45	1.73	117.55	27.89	12.1	4.18	1	1	0.1742339214	100
"2"	1	"I_1"	"I"	2012	-0.0567	NA	-0.0226	0.0537	NA	-0.0185	1.4691	NA	2.0639	0.1104	NA	0.0041	1.434	NA	2.5159	9.1912	NA	14.8289	1.6194	NA	5.3571	2.9031	NA	4.5798	43.54	8.46	111.26	42.63	NA	52	1	1	0.1742339214	100
"3"	1	"I_1"	"I"	2013	0.6318	NA	0.1618	0.6239	NA	0.2488	1.261	NA	0.7451	-0.0079	NA	0.087	0.574	NA	1.737	9.8712	NA	19.9027	1.4286	NA	7.1081	1.835	NA	2.4821	15.65	24.91	28.78	68.67	NA	40.56	1	1	0.1742339214	100
"4"	1	"N_1"	"N"	2011	NA	-8e-04	NA	NA	-0.0018	NA	NA	1.5433	NA	NA	-0.0011	NA	NA	2.3788	NA	NA	10.0287	NA	NA	4.1401	NA	NA	3.9221	NA	0	51.84	158.18	23.72	10.7	51.84	1	1	0.1742339214	100
"5"	1	"N_1"	"N"	2012	-0.0347	NA	0.1604	-0.0831	NA	0.1338	1.2023	NA	2.1305	-0.0484	NA	-0.0266	1.5958	NA	2.905	6.8259	NA	8.8983	1.4652	NA	5.5814	2.7981	NA	5.0355	0	4.51	108.86	55.91	NA	4.51	1	1	0.1742339214	100
"6"	1	"N_1"	"N"	2013	-0.0313	NA	0.1436	0.1719	NA	0.3338	1.0083	NA	2.0194	NA	NA	0.1902	1e-04	NA	0.1566	8.6223	NA	11.7796	2.7692	NA	6.7716	1.0083	NA	2.1759	0	8.5	89.35	79.63	NA	8.5	1	1	0.1742339214	100
"7"	2	"I_2"	"I"	2011	NA	0	NA	NA	-8e-04	NA	NA	0.8976	NA	NA	-8e-04	NA	NA	2.5598	NA	NA	13.3333	NA	NA	3.3654	NA	NA	3.4573	NA	2.01	0.63	171.26	2.5	11.8	2.64	1	4	0.5770914996	81.0895595108156
"8"	2	"I_2"	"I"	2012	0.0359	NA	0.1915	0.0212	NA	0.1541	1.2024	NA	2.3325	-0.0147	NA	-0.0374	2.5083	NA	4.6439	8.3333	NA	17.931	2.8708	NA	7.563	3.7107	NA	6.9764	3.07	0.79	166.34	4.09	NA	3.86	1	4	0.5770914996	81.0895595108156
"9"	2	"I_2"	"I"	2013	0.162	NA	0.4915	0.2475	NA	0.6223	1.6352	NA	2.1548	0.0855	NA	0.1308	0.6697	NA	0.6053	11.9632	NA	19.3443	2.7875	NA	8.0285	2.3048	NA	2.7601	9.64	4.72	63.8	6.48	NA	14.36	1	4	0.5770914996	81.0895595108156
"10"	2	"N_2"	"N"	2011	NA	0	NA	NA	2e-04	NA	NA	0.8709	NA	NA	2e-04	NA	NA	1.7182	NA	NA	9.6774	NA	NA	3.1746	NA	NA	2.589	NA	0	4.88	206.48	17.98	12	4.88	1	4	0.5770914996	81.0895595108156
"11"	2	"N_2"	"N"	2012	-0.0369	NA	0.0702	-0.0562	NA	0.1117	0.9158	NA	2.3465	-0.0192	NA	0.0415	2.2816	NA	2.4318	7.2816	NA	10.7407	1.5707	NA	5.8091	3.1974	NA	4.7783	0	18.85	245.38	3.06	NA	18.85	1	4	0.5770914996	81.0895595108156
"12"	2	"N_2"	"N"	2013	0.1521	NA	-0.1731	0.1877	NA	-0.0342	1.35	NA	3.8264	0.0356	NA	0.1389	0.5833	NA	0.5985	10.9051	NA	16.1372	1.9584	NA	7.5758	1.9333	NA	4.4249	0	13.93	171.01	7.87	NA	13.93	1	4	0.5770914996	81.0895595108156
"13"	3	"I_3"	"I"	2011	NA	-2e-04	NA	NA	3e-04	NA	NA	0.9289	NA	NA	5e-04	NA	NA	2.1087	NA	NA	11.8705	NA	NA	2.8571	NA	NA	3.0376	NA	3.14	1.83	53.46	5.24	11	4.97	1	7	0.3421705056	73.9328932388263
"14"	3	"I_3"	"I"	2012	-0.0473	NA	-0.0304	-0.045	NA	0.0368	1.8162	NA	1.7023	0.0023	NA	0.0673	2.6434	NA	2.4096	6.6038	NA	8.8542	2.3569	NA	4.5714	4.4597	NA	4.1118	4.87	0.3	58.22	3.46	NA	5.17	1	7	0.3421705056	73.9328932388263
"15"	3	"I_3"	"I"	2013	0.1032	NA	0.0538	0.1806	NA	0.1592	1.6917	NA	3.196	0.0774	NA	0.1054	1.0034	NA	0.6282	17.9993	NA	17.3202	4.5351	NA	5.4845	2.695	NA	3.8242	1.76	4.13	52.78	9.57	NA	5.89	1	7	0.3421705056	73.9328932388263
"16"	3	"N_3"	"N"	2011	NA	6e-04	NA	NA	0.0019	NA	NA	1.1685	NA	NA	0.0013	NA	NA	2.4602	NA	NA	9.6667	NA	NA	4.059	NA	NA	3.6288	NA	0	0.36	135.09	13.15	11	0.36	1	7	0.3421705056	73.9328932388263
"17"	3	"N_3"	"N"	2012	0.3187	NA	0.1502	0.3126	NA	0.1916	1.8128	NA	1.6032	-0.0061	NA	0.0414	2.5169	NA	2.3053	6.5789	NA	9.1743	3.5211	NA	6.0606	4.3297	NA	3.9085	0	1.23	275.08	3.63	NA	1.23	1	7	0.3421705056	73.9328932388263
"18"	3	"N_3"	"N"	2013	0.2803	NA	-0.0531	0.3744	NA	0.3875	2.1452	NA	2.3711	0.0941	NA	0.4406	0.6493	NA	0.8716	12.7652	NA	18.892	3.5521	NA	7.9115	2.7945	NA	3.2427	0	3.14	108.11	10.34	NA	3.14	1	7	0.3421705056	73.9328932388263
"19"	4	"I_4"	"I"	2011	NA	-0.001	NA	NA	0.0033	NA	NA	1.3281	NA	NA	0.0042	NA	NA	1.8498	NA	NA	13.354	NA	NA	2.8674	NA	NA	3.1779	NA	3.19	0.16	129.39	1.93	11.1	3.35	1	5	0.2513012964	0
"20"	4	"I_4"	"I"	2012	-0.0537	NA	0.0554	0.0114	NA	0.0923	2.0361	NA	1.2927	0.0651	NA	0.0369	1.2022	NA	3.0276	5.6338	NA	9.5436	2.4876	NA	7.3394	3.2383	NA	4.3203	3.12	0.03	100.4	2.59	NA	3.15	1	5	0.2513012964	0
"21"	4	"I_4"	"I"	2013	0.0732	NA	0.2018	0.1365	NA	0.2917	2.2926	NA	4.8382	0.0633	NA	0.0899	0.7646	NA	0.8271	13.1367	NA	21.4315	2.6235	NA	6.5824	3.0572	NA	5.6653	2.2	0.58	79.4	NA	NA	2.78	1	5	0.2513012964	0
"22"	4	"N_4"	"N"	2011	NA	-0.0017	NA	NA	7e-04	NA	NA	1.4071	NA	NA	0.0025	NA	NA	2.967	NA	NA	15.4472	NA	NA	4.4872	NA	NA	4.3741	NA	0	0	109.19	1.35	11.4	0	1	5	0.2513012964	0
"23"	4	"N_4"	"N"	2012	-0.0665	NA	0.0253	-0.0403	NA	0.0511	2.0769	NA	2.5754	0.0262	NA	0.0258	1.1561	NA	2.7439	7.6159	NA	12.5581	3.5842	NA	6.383	3.233	NA	5.3193	0	0.81	113.72	1.79	NA	0.81	1	5	0.2513012964	0
"24"	4	"N_4"	"N"	2013	-0.0671	NA	-0.0596	0.2023	NA	0.2496	1.1532	NA	1.794	0.2695	NA	0.3091	0.6415	NA	1.0818	14.0543	NA	27.2845	2.9547	NA	9.84	1.7948	NA	2.8757	0	0.4	83.48	NA	NA	0.4	1	5	0.2513012964	0
"25"	5	"I_5"	"I"	2011	NA	-1e-04	NA	NA	0.0061	NA	NA	0.71	NA	NA	0.0062	NA	NA	2.2416	NA	NA	13.3858	NA	NA	3.1818	NA	NA	2.9516	NA	12.79	0	116.5	4.32	11.9	12.79	1	3	0.143798886	0
"26"	5	"I_5"	"I"	2012	-0.0271	NA	-0.0255	0.2125	NA	0.1037	2.1334	NA	1.0266	NA	NA	0.1292	1e-04	NA	4.6615	7.0866	NA	12.234	2.1186	NA	6.0606	2.1334	NA	5.6881	14.2	0.03	207.76	5.27	NA	14.23	1	3	0.143798886	0
"27"	5	"I_5"	"I"	2013	0.0766	NA	0.5039	0.1858	NA	0.8831	1.0899	NA	2.8383	0.1093	NA	0.3792	0.5185	NA	0.9322	10.4247	NA	18.75	2.0936	NA	6.4473	1.6084	NA	3.7706	8.36	0	150.64	NA	NA	8.36	1	3	0.143798886	0
"28"	5	"N_5"	"N"	2011	NA	0.0014	NA	NA	0.0086	NA	NA	1.0668	NA	NA	0.0072	NA	NA	2.7679	NA	NA	12.7737	NA	NA	4.6025	NA	NA	3.8348	NA	0	0	231.25	2.94	11.9	0	1	3	0.143798886	0
"29"	5	"N_5"	"N"	2012	0.0503	NA	0.0627	0.1724	NA	0.2445	6.49	NA	5.3734	0.1221	NA	0.1819	1.8617	NA	3.1466	8.7786	NA	12.7358	3.3473	NA	8.6486	8.3517	NA	8.52	0	0.08	283.74	6.04	NA	0.08	1	3	0.143798886	0
"30"	5	"N_5"	"N"	2013	-0.0113	NA	-0.0524	0.1937	NA	0.6369	0.7575	NA	1.3791	0.205	NA	0.6893	0.7907	NA	1.6366	10.0126	NA	17.8349	2.0019	NA	6.0295	1.5482	NA	3.0157	0	0	251.03	NA	NA	0	1	3	0.143798886	0
"31"	6	"I_6"	"I"	2011	NA	1e-04	NA	NA	0.0034	NA	NA	0.4873	NA	NA	0.0033	NA	NA	1.215	NA	NA	11.0368	NA	NA	2.2556	NA	NA	1.7023	NA	2.9	0.23	107.55	7.05	11	3.13	1	5	0.1193784438	0
"32"	6	"I_6"	"I"	2012	0.0177	NA	-0.0478	0.0429	NA	0.0659	1.3558	NA	2.6789	0.0252	NA	0.1137	0.8201	NA	2.1628	4.6693	NA	9.1324	2.0408	NA	5.0251	2.1759	NA	4.8417	1.11	0.13	140.47	1.91	NA	1.24	1	5	0.1193784438	0
"33"	6	"I_6"	"I"	2013	-0.0141	NA	0.057	0.0779	NA	0.2288	0.925	NA	0.9186	0.0919	NA	0.1718	0.1762	NA	0.4651	11.1111	NA	19.0836	1.6611	NA	4.495	1.1011	NA	1.3838	1.2	23.59	111.12	NA	NA	24.79	1	5	0.1193784438	0
"34"	6	"N_6"	"N"	2011	NA	1e-04	NA	NA	0.0059	NA	NA	0.9177	NA	NA	NA	NA	NA	1e-04	NA	NA	10.3627	NA	NA	2.8902	NA	NA	0.9177	NA	0	0.63	188.8	2.36	11.1	0.63	1	5	0.1193784438	0
"35"	6	"N_6"	"N"	2012	-0.0323	NA	-0.0226	-0.0257	NA	0.0887	1.8004	NA	2.4949	0.0067	NA	0.1113	1.3695	NA	1.8624	4.9618	NA	10.3448	2.008	NA	5.1282	3.1699	NA	4.3573	0	0.08	173.31	1.93	NA	0.08	1	5	0.1193784438	0
"36"	6	"N_6"	"N"	2013	-0.0017	NA	0.0188	0.0542	NA	0.3627	0.7169	NA	0.5682	0.0559	NA	0.3438	0.227	NA	0.7417	9.7963	NA	18.0576	1.3936	NA	4.5265	0.9439	NA	1.3098	0	5.95	152.26	NA	NA	5.95	1	5	0.1193784438	0
"37"	7	"I_7"	"I"	2011	NA	-0.0011	NA	NA	0.0046	NA	NA	0.9436	NA	NA	0.0057	NA	NA	3.253	NA	NA	22.9508	NA	NA	7.4468	NA	NA	4.1967	NA	16.74	2.97	34.95	40.3	11.2	19.71	1	2	0.1869786072	0
"38"	7	"I_7"	"I"	2012	-0.0452	NA	-0.067	0.0341	NA	0.4369	1.5232	NA	2.5031	0.0794	NA	0.5038	3.0603	NA	3.2734	25.7692	NA	31.694	7.2539	NA	10.4	4.5835	NA	5.7765	13.13	16.93	85.17	3.35	NA	30.06	1	2	0.1869786072	0
"39"	7	"I_7"	"I"	2013	-0.1781	NA	-0.1757	0.5173	NA	-0.0467	2.6207	NA	2.7869	0.6954	NA	0.129	1.6632	NA	1.3412	30.2913	NA	45.6259	5.3853	NA	10.4022	4.2839	NA	4.1281	6.65	5.97	0.47	NA	NA	12.62	1	2	0.1869786072	0
"40"	7	"N_7"	"N"	2011	NA	-0.001	NA	NA	0.0094	NA	NA	0.7786	NA	NA	0.0103	NA	NA	2.709	NA	NA	25.8929	NA	NA	8.4337	NA	NA	3.4876	NA	0	5.59	26.15	34.73	11.7	5.59	1	2	0.1869786072	0
"41"	7	"N_7"	"N"	2012	-0.024	NA	-0.1102	0.2196	NA	0.6716	0.8709	NA	3.2656	0.2436	NA	0.7818	3.427	NA	4.1354	26.2963	NA	37.3188	6.0302	NA	10.9827	4.2979	NA	7.401	0	19.05	26.92	5.96	NA	19.05	1	2	0.1869786072	0
"42"	7	"N_7"	"N"	2013	-0.2362	NA	-0.0177	0.3089	NA	1.3092	3.6827	NA	0.6724	0.5452	NA	1.3269	1.5038	NA	2.8603	28.0992	NA	45.9726	4.4444	NA	9.2827	5.1865	NA	3.5328	0	20.57	3.54	NA	NA	20.57	1	2	0.1869786072	0
"43"	8	"I_8"	"I"	2011	NA	-0.0011	NA	NA	0.0033	NA	NA	0.8316	NA	NA	0.0044	NA	NA	1.8716	NA	NA	9.1743	NA	NA	3.0303	NA	NA	2.7033	NA	14.13	0.15	85.99	88.09	12.3	14.28	1	6	0.231665511	94.6176665028054
"44"	8	"I_8"	"I"	2012	-0.0542	NA	-0.0782	0.0106	NA	0.0057	1.8695	NA	2.2785	0.0648	NA	0.0839	1.1235	NA	2.5944	11.9469	NA	14.9502	2.5126	NA	3.9063	2.9931	NA	4.8729	14.97	4.4	66.79	69.5	NA	19.37	1	6	0.231665511	94.6176665028054
"45"	8	"I_8"	"I"	2013	-0.0667	NA	-0.0626	0.3313	NA	0.2742	2.5543	NA	1.95	0.398	NA	0.3368	0.7973	NA	1.0429	10.1279	NA	12.5906	2.5385	NA	4.1451	3.3515	NA	2.9929	11.63	8.73	123.47	NA	NA	20.36	1	6	0.231665511	94.6176665028054
"46"	8	"N_8"	"N"	2011	NA	0.0058	NA	NA	0.0245	NA	NA	1.3479	NA	NA	0.0187	NA	NA	2.8444	NA	NA	11.7021	NA	NA	5.6225	NA	NA	4.1923	NA	0	1.09	221.51	56.72	12.3	1.09	1	6	0.231665511	94.6176665028054
"47"	8	"N_8"	"N"	2012	-0.1035	NA	-0.0603	0.0825	NA	0.0638	2.5607	NA	2.1979	0.186	NA	0.1241	1.7695	NA	2.3899	15.4321	NA	18.8462	5.1095	NA	6.1611	4.3302	NA	4.5878	0.01	0.28	171.84	6.79	NA	0.29	1	6	0.231665511	94.6176665028054
"48"	8	"N_8"	"N"	2013	-0.1045	NA	-0.0648	0.1741	NA	0.4469	1.7677	NA	2.0145	0.2787	NA	0.5117	0.5666	NA	0.8696	12.3267	NA	16.3823	4.0422	NA	6.4898	2.3343	NA	2.8841	0	1.12	163.11	NA	NA	1.12	1	6	0.231665511	94.6176665028054
"49"	9	"I_9"	"I"	2011	NA	-9e-04	NA	NA	0.007	NA	NA	0.7453	NA	NA	0.008	NA	NA	0.8354	NA	NA	11.2245	NA	NA	4.5977	NA	NA	1.5807	NA	14.45	0	72.55	3.57	12.7	14.45	1	4	0.6801100614	0
"50"	9	"I_9"	"I"	2012	-0.0448	NA	-0.0129	0.0825	NA	0.2534	1.5145	NA	2.3112	0.1273	NA	0.2663	1.5242	NA	2.7585	12.8788	NA	24.5536	2.6087	NA	8.284	3.0388	NA	5.0697	27.8	0.48	65.22	3.71	NA	28.28	1	4	0.6801100614	0
"51"	9	"I_9"	"I"	2013	0.1989	NA	-0.0076	0.7087	NA	0.3975	3.073	NA	1.6463	0.5098	NA	0.405	0.9384	NA	0.571	27.616	NA	28.1961	4.3011	NA	4.5962	4.0115	NA	2.2173	11.5	2.93	60.12	NA	NA	14.43	1	4	0.6801100614	0
"52"	9	"N_9"	"N"	2011	NA	0	NA	NA	0.0073	NA	NA	0.7776	NA	NA	0.0073	NA	NA	1.1526	NA	NA	7.0539	NA	NA	3.5714	NA	NA	1.9301	NA	0	0.68	149.94	5.85	11.7	0.68	1	4	0.6801100614	0
"53"	9	"N_9"	"N"	2012	-0.0163	NA	-0.0563	-0.0211	NA	0.2285	1.0714	NA	2.1898	-0.0048	NA	0.2848	1.6853	NA	2.5639	11.284	NA	16.791	3.0702	NA	5.3812	2.7566	NA	4.7536	0	13.41	90.6	2.01	NA	13.41	1	4	0.6801100614	0
"54"	9	"N_9"	"N"	2013	-0.213	NA	-0.1326	-0.1551	NA	-0.1435	3.1081	NA	1.9715	0.0579	NA	-0.0109	0.3511	NA	0.5399	16.6099	NA	18.1782	3.3122	NA	4.5783	3.4592	NA	2.5114	0	17.32	66.38	NA	NA	17.32	1	4	0.6801100614	0
"55"	10	"I_10"	"I"	2011	NA	-0.002	NA	NA	0.0038	NA	NA	1.4316	NA	NA	0.0058	NA	NA	2.9241	NA	NA	17.9331	NA	NA	7.037	NA	NA	4.3557	NA	4.04	0.54	88.69	15.77	11.7	4.58	0	2	0.0773406942	64.4887431072477
"56"	10	"I_10"	"I"	2012	0.4443	NA	-0.1119	1.2503	NA	0.3147	3.2933	NA	3.3534	0.806	NA	0.4266	1.9236	NA	3.7309	18.5053	NA	28.27	4.8035	NA	10.5882	5.2169	NA	7.0842	7.73	5.44	84.26	2.64	NA	13.17	0	2	0.0773406942	64.4887431072477
"57"	10	"I_10"	"I"	2013	-0.1441	NA	-0.2652	0.0144	NA	1.2033	4.741	NA	8.3859	0.1585	NA	1.4685	1.808	NA	5.7338	19.0899	NA	34.4944	3.8911	NA	11.3779	6.549	NA	14.1196	4.95	4.07	35.73	0.4	NA	9.02	0	2	0.0773406942	64.4887431072477
"58"	10	"N_10"	"N"	2011	NA	0.0019	NA	NA	0.0075	NA	NA	2.352	NA	NA	0.0056	NA	NA	1.7223	NA	NA	12.6761	NA	NA	6.4516	NA	NA	4.0743	NA	0	1.84	111.83	10.68	10.7	1.84	0	2	0.0773406942	64.4887431072477
"59"	10	"N_10"	"N"	2012	-0.0163	NA	-0.0668	0.2321	NA	0.1505	3.0485	NA	4.67	0.2484	NA	0.2173	0.7399	NA	2.5637	15.3333	NA	24.0816	4.3307	NA	9.1398	3.7884	NA	7.2337	0	10.27	101.57	26.01	NA	10.27	0	2	0.0773406942	64.4887431072477
"60"	10	"N_10"	"N"	2013	-0.1761	NA	-0.2247	0.1227	NA	-0.0159	2.7923	NA	4.526	0.2988	NA	0.2088	3.0856	NA	6.0528	14.2125	NA	25.7937	3.1343	NA	7.6471	5.8779	NA	10.5788	0	5.03	88.39	13.96	NA	5.03	0	2	0.0773406942	64.4887431072477
"61"	11	"I_11"	"I"	2011	NA	-0.0022	NA	NA	0.0091	NA	NA	1.6587	NA	NA	0.0114	NA	NA	0.7296	NA	NA	15.4867	NA	NA	6.2827	NA	NA	2.3883	NA	182.5	96.2	95.4	53.83	10.4	278.7	0	2	0.1832094726	100
"62"	11	"I_11"	"I"	2012	0.3761	NA	-0.0632	0.5724	NA	0.1609	1.2348	NA	2.874	0.1963	NA	0.2241	0.4054	NA	3.2406	13.6691	NA	23.4818	5	NA	11.1111	1.6403	NA	6.1147	8.17	42.62	76.75	72.79	NA	50.79	0	2	0.1832094726	100
"63"	11	"I_11"	"I"	2013	0.0728	NA	0.2515	0.0665	NA	0.6759	1.4971	NA	3.1919	-0.0063	NA	0.4244	0.6257	NA	2.0835	12.4287	NA	24.6642	4.0453	NA	9.2382	2.1229	NA	5.2754	32.94	19.08	84.45	71.34	NA	52.02	0	2	0.1832094726	100
"64"	11	"N_11"	"N"	2011	NA	0.0119	NA	NA	0.015	NA	NA	0.8969	NA	NA	0.003	NA	NA	1.1372	NA	NA	10.2473	NA	NA	6.6929	NA	NA	2.0341	NA	0	1.49	113.83	16.1	9.9	1.49	0	2	0.1832094726	100
"65"	11	"N_11"	"N"	2012	0.0013	NA	0.0826	0.0463	NA	0.1665	2.297	NA	2.8057	0.045	NA	0.084	1.6136	NA	3.1577	13.7931	NA	20.7171	5	NA	10.0503	3.9106	NA	5.9634	0	15.76	105.42	14.82	NA	15.76	0	2	0.1832094726	100
"66"	11	"N_11"	"N"	2013	-0.2371	NA	-0.2268	-0.1121	NA	0.1268	3.9632	NA	6.1918	0.125	NA	0.3536	1.564	NA	2.4348	9.7323	NA	18.6216	4.9546	NA	7.5326	5.5271	NA	8.6266	0	9.57	46.39	63.8	NA	9.57	0	2	0.1832094726	100
"67"	12	"I_12"	"I"	2011	NA	-1e-04	NA	NA	0.0052	NA	NA	1.0597	NA	NA	0.0053	NA	NA	0.9227	NA	NA	14.1463	NA	NA	5.1136	NA	NA	1.9823	NA	2.84	7.01	145.16	53.81	10.3	9.85	0	0	0	NA
"68"	12	"I_12"	"I"	2012	-0.0416	NA	NA	-0.0259	NA	-0.1077	1.3879	NA	1.3689	0.0157	NA	-0.0428	0.5364	NA	2.3501	10.757	NA	14.0152	3.5714	NA	7.489	1.9243	NA	3.719	88.37	39.2	73.69	70.51	NA	127.57	0	0	0	NA
"69"	12	"I_12"	"I"	2013	-0.0457	NA	-0.0651	0.0165	NA	0.1339	1.0401	NA	2.8633	0.0621	NA	0.199	0.3454	NA	1.1801	12.7441	NA	22.4324	2.1155	NA	10.1626	1.3855	NA	4.0434	58.57	9.66	68.81	7.38	NA	68.23	0	0	0	NA
"70"	12	"N_12"	"N"	2011	NA	-0.0026	NA	NA	0.0083	NA	NA	1.9394	NA	NA	0.0109	NA	NA	7.7886	NA	NA	13.3903	NA	NA	4.9342	NA	NA	9.728	NA	0	18.73	175.09	90.78	9.6	18.73	0	0	0	NA
"71"	12	"N_12"	"N"	2012	0.1015	NA	-0.1913	0.1808	NA	-0.2131	4.5662	NA	6.247	0.0793	NA	-0.0218	3.5122	NA	5.1806	16.7785	NA	13.308	10.0806	NA	14.4737	8.0785	NA	11.4276	0	25.57	63.83	86.29	NA	25.57	0	0	0	NA
"72"	12	"N_12"	"N"	2013	-0.2523	NA	-0.3389	0.1532	NA	0.2032	3.7407	NA	6.2573	0.4055	NA	0.5421	1.3799	NA	3.8183	10.5306	NA	15.7982	1.6423	NA	4.666	5.1206	NA	10.0755	0	45.94	74.24	58.48	NA	45.94	0	0	0	NA
"73"	13	"I_13"	"I"	2011	NA	2e-04	NA	NA	0.0061	NA	NA	0.6223	NA	NA	NA	NA	NA	1e-04	NA	NA	24.1379	NA	NA	6.8182	NA	NA	0.6223	NA	2.03	2.18	152.04	15.93	11.5	4.21	0	6	0.2008801872	0
"74"	13	"I_13"	"I"	2012	-0.0255	NA	-0.0874	-0.0566	NA	-0.0543	3.0433	NA	2.9705	-0.0311	NA	0.0331	1.8639	NA	2.5348	15.3846	NA	22.1675	5.303	NA	9.4937	4.9071	NA	5.5053	1.59	2.04	172.45	8.36	NA	3.63	0	6	0.2008801872	0
"75"	13	"I_13"	"I"	2013	-0.0783	NA	-0.0499	-0.0609	NA	-0.0421	3.7943	NA	3.598	0.0174	NA	0.0078	1.5205	NA	2.8925	19.3955	NA	38.6811	3.2812	NA	11.2131	5.3148	NA	6.4906	0.06	4.93	105.9	3.94	NA	4.99	0	6	0.2008801872	0
"76"	13	"N_13"	"N"	2011	NA	0.0021	NA	NA	0.0056	NA	NA	0.7857	NA	NA	0.0035	NA	NA	1.186	NA	NA	17.77	NA	NA	7.2034	NA	NA	1.9717	NA	0	3.01	271.55	7.98	12.3	3.01	0	6	0.2008801872	0
"77"	13	"N_13"	"N"	2012	-0.0286	NA	-0.0095	-0.0341	NA	0.0301	2.7087	NA	2.3024	-0.0056	NA	0.0396	1.6646	NA	2.1907	14.0562	NA	16.5992	4.2056	NA	5.3398	4.3733	NA	4.4931	0	6.04	225.09	5.89	NA	6.04	0	6	0.2008801872	0
"78"	13	"N_13"	"N"	2013	0.0073	NA	-0.1798	-0.0071	NA	-0.1418	5.6123	NA	3.1204	-0.0144	NA	0.0379	1.466	NA	1.3902	14.6814	NA	19.7492	2.7417	NA	5.0781	7.0783	NA	4.5105	0	5.84	148.07	3.09	NA	5.84	0	6	0.2008801872	0
"79"	14	"I_14"	"I"	2011	NA	-7e-04	NA	NA	0.0042	NA	NA	0.5754	NA	NA	0.005	NA	NA	0.5801	NA	NA	21.8659	NA	NA	5.2239	NA	NA	1.1555	NA	7.6	0.64	103.28	13.43	10.5	8.24	0	5	0.1770660738	0
"80"	14	"I_14"	"I"	2012	NA	NA	-0.1185	0.0128	NA	0.1837	1.9593	NA	2.8268	0.1059	NA	0.3022	1.573	NA	2.2926	20.9231	NA	26.3959	3.8911	NA	8.2759	3.5323	NA	5.1194	4.41	0.93	91.77	3.71	NA	5.34	0	5	0.1770660738	0
"81"	14	"I_14"	"I"	2013	0.1056	NA	0.2455	0.145	NA	0.2438	1.3111	NA	2.5971	0.0393	NA	-0.0017	1.0865	NA	4.9277	21.5512	NA	30.9464	2.7766	NA	6.454	2.3976	NA	7.5248	8.68	2.42	30.6	1.38	NA	11.1	0	5	0.1770660738	0
"82"	14	"N_14"	"N"	2011	NA	0.0019	NA	NA	0.0045	NA	NA	0.4019	NA	NA	0.0026	NA	NA	0.6607	NA	NA	21.0938	NA	NA	5.9406	NA	NA	1.0626	NA	0	0.79	117.23	13.9	11	0.79	0	5	0.1770660738	0
"83"	14	"N_14"	"N"	2012	-0.0596	NA	0.0625	-0.0252	NA	0.115	1.8156	NA	1.6805	0.0344	NA	0.0525	1.6501	NA	2.4767	14.5985	NA	20.3125	4.2735	NA	8.4967	3.4657	NA	4.1572	0	0.37	131.67	3.68	NA	0.37	0	5	0.1770660738	0
"84"	14	"N_14"	"N"	2013	-0.1122	NA	-0.2319	0.1583	NA	0.4029	2.8762	NA	3.6079	0.2705	NA	0.6348	0.8659	NA	2.136	18.7817	NA	24.5149	4	NA	9.4044	3.7421	NA	5.7439	0	2.99	110.92	2.36	NA	2.99	0	5	0.1770660738	0
"85"	15	"I_15"	"I"	2011	NA	-0.0015	NA	NA	0.0045	NA	NA	1.1099	NA	NA	0.006	NA	NA	0.8821	NA	NA	13.0564	NA	NA	5.1195	NA	NA	1.9919	NA	9.45	3.28	141.77	82.77	11.6	12.73	0	0	0	NA
"86"	15	"I_15"	"I"	2012	NA	NA	-0.0571	-0.0201	NA	-0.0607	1.7208	NA	1.7601	0.0617	NA	-0.0037	1.4556	NA	1.9018	11.4391	NA	16.9935	2.0833	NA	7.0866	3.1765	NA	3.662	69.76	9.43	70.7	82.59	NA	79.19	0	0	0	NA
"87"	15	"I_15"	"I"	2013	-0.0521	NA	-0.1493	0.0097	NA	-0.1093	1.3047	NA	2.6991	0.0618	NA	0.0401	0.4954	NA	1.5105	12.5072	NA	29.0279	1.7787	NA	10	1.8	NA	4.2096	29.13	52.42	134.81	64.95	NA	81.55	0	0	0	NA
"88"	15	"N_15"	"N"	2011	NA	-7e-04	NA	NA	0.0015	NA	NA	4.9216	NA	NA	0.0023	NA	NA	1.8999	NA	NA	13.6187	NA	NA	5.8559	NA	NA	6.8215	NA	0	28.04	187.32	87.7	11.3	28.04	0	0	0	NA
"89"	15	"N_15"	"N"	2012	NA	NA	0.0149	0.0258	NA	0.0562	1.1755	NA	2.1213	0.0817	NA	0.0414	0.9207	NA	1.688	10.6007	NA	16.4634	1.581	NA	6.5693	2.0963	NA	3.8093	0.11	28.08	29.27	97.99	NA	28.19	0	0	0	NA
"90"	15	"N_15"	"N"	2013	-0.1166	NA	0.7859	0.0943	NA	1.5666	2.1343	NA	3.6938	0.2109	NA	0.7807	1.0714	NA	2.0138	12.2689	NA	22.506	1.9157	NA	7.7549	3.2057	NA	5.7076	3.06	43.61	77.17	47.32	NA	46.67	0	0	0	NA
"91"	16	"I_16"	"I"	2011	NA	-9e-04	NA	NA	0.0037	NA	NA	0.986	NA	NA	0.0047	NA	NA	1.2724	NA	NA	19.0476	NA	NA	4.9774	NA	NA	2.2584	NA	5.31	0.53	141.78	33.21	10.9	5.84	0	9	0.2561236524	10.3819003636854
"92"	16	"I_16"	"I"	2012	NA	NA	-0.0354	-0.032	NA	0.0998	0.9594	NA	1.8164	0.0136	NA	0.1352	1.8026	NA	2.7443	9.3985	NA	12.4444	1.6598	NA	4.5685	2.762	NA	4.5607	4.77	1.19	101.72	2.59	NA	5.96	0	9	0.2561236524	10.3819003636854
"93"	16	"I_16"	"I"	2013	-0.0889	NA	0.3962	0.007	NA	0.5754	1.4236	NA	1.4583	0.0959	NA	0.1793	1.6367	NA	2.1312	12.8662	NA	17.8978	2.2263	NA	7.3325	3.0603	NA	3.5894	9.6	2.37	35.14	0.98	NA	11.97	0	9	0.2561236524	10.3819003636854
"94"	16	"N_16"	"N"	2011	NA	-8e-04	NA	NA	0.0018	NA	NA	0.6824	NA	NA	0.0025	NA	NA	0.1266	NA	NA	12.6316	NA	NA	4.2169	NA	NA	0.809	NA	0	0.08	312.19	9.9	11.1	0.08	0	9	0.2561236524	10.3819003636854
"95"	16	"N_16"	"N"	2012	NA	NA	-0.025	-0.0138	NA	-0.0038	0.8918	NA	1.1594	0.0286	NA	0.0213	1.7412	NA	2.9756	9.507	NA	12.6374	1.9455	NA	4.4025	2.6331	NA	4.135	0	0.08	136.07	2.88	NA	0.08	0	9	0.2561236524	10.3819003636854
"96"	16	"N_16"	"N"	2013	-0.04	NA	-0.0219	0.0645	NA	0.1033	1.37	NA	3.1769	0.1045	NA	0.1252	1.1066	NA	2.4979	7.4601	NA	11.2566	1.6775	NA	3.3506	2.4766	NA	5.6748	0	0.83	98.33	1.47	NA	0.83	0	9	0.2561236524	10.3819003636854
"97"	17	"I_17"	"I"	2011	NA	-0.0022	NA	NA	0.0075	NA	NA	1.5992	NA	NA	0.0097	NA	NA	3.3356	NA	NA	14.0056	NA	NA	3.5831	NA	NA	4.9348	NA	12.57	0.42	91.51	5.01	11.6	12.99	0	7	0.1758848322	0
"98"	17	"I_17"	"I"	2012	NA	NA	0.2476	0.0823	NA	0.1961	2.8811	NA	11.6806	0.2192	NA	-0.0515	4.6401	NA	6.6533	23.7942	NA	23.9583	5.9072	NA	17.8082	7.5212	NA	18.3339	20.88	0.63	123.08	8.29	NA	21.51	0	7	0.1758848322	0
"99"	17	"I_17"	"I"	2013	0.018	NA	0.2311	0.1893	NA	0.4269	3.2806	NA	5.4732	0.1712	NA	0.1957	1.9209	NA	4.1128	22.2744	NA	27.5073	4.3159	NA	6.9579	5.2016	NA	9.586	9.19	7.45	55.67	8.76	NA	16.64	0	7	0.1758848322	0
"100"	17	"N_17"	"N"	2011	NA	8e-04	NA	NA	0.0121	NA	NA	2.3199	NA	NA	0.0112	NA	NA	1.0734	NA	NA	12.8676	NA	NA	3.3755	NA	NA	3.3933	NA	0	0.74	92.97	4.16	11.3	0.74	0	7	0.1758848322	0
"101"	17	"N_17"	"N"	2012	-0.0184	NA	-0.1028	-0.0277	NA	0.3483	3.11	NA	3.2446	-0.0093	NA	0.4511	2.0475	NA	4.2473	13.1034	NA	27.6699	5.1587	NA	8.7248	5.1575	NA	7.4919	0	0.19	190.19	5.7	NA	0.19	0	7	0.1758848322	0
"102"	17	"N_17"	"N"	2013	-0.0272	NA	-0.3308	0.1422	NA	0.5672	3.7437	NA	6.2877	0.1694	NA	0.898	2.3655	NA	2.7845	17.974	NA	31.508	5.0348	NA	16.2437	6.1092	NA	9.0722	0	5.94	121.94	7.26	NA	5.94	0	7	0.1758848322	0
"103"	18	"I_18"	"I"	2011	NA	1e-04	NA	NA	0.0049	NA	NA	1.5789	NA	NA	0.0048	NA	NA	0.9851	NA	NA	9.7744	NA	NA	3.3333	NA	NA	2.564	NA	1.15	6.24	118.47	6.98	12	7.39	0	7	0.1354532256	0
"104"	18	"I_18"	"I"	2012	NA	NA	-0.0493	-0.0094	NA	0.1491	1.7542	NA	5.1975	0.0739	NA	0.1984	2.5644	NA	3.6024	19.3182	NA	27.7778	4.2254	NA	7.6923	4.3186	NA	8.7999	0.7	0.32	182.59	2.24	NA	1.02	0	7	0.1354532256	0
"105"	18	"I_18"	"I"	2013	-0.1104	NA	0.1971	-0.0463	NA	0.7531	2.6959	NA	6.7716	0.0641	NA	0.5561	2.5498	NA	3.0804	17.4802	NA	26.8452	2.7178	NA	7.1217	5.2458	NA	9.852	0.4	0.24	86.47	3.88	NA	0.64	0	7	0.1354532256	0
"106"	18	"N_18"	"N"	2011	NA	0.0019	NA	NA	0.0081	NA	NA	1.2853	NA	NA	0.0063	NA	NA	1.2653	NA	NA	8.5987	NA	NA	2.439	NA	NA	2.5506	NA	0	0.14	286.22	4.34	12.8	0.14	0	7	0.1354532256	0
"107"	18	"N_18"	"N"	2012	0.0301	NA	0.1913	0.0262	NA	0.2637	2.2746	NA	6.1885	-0.0039	NA	0.0723	3.1644	NA	5.1289	17.316	NA	26.7658	4.1885	NA	11.6751	5.4389	NA	11.3174	0	0	396.93	1.72	NA	0	0	7	0.1354532256	0
"108"	18	"N_18"	"N"	2013	-0.096	NA	-0.0454	-0.04	NA	0.4249	2.0362	NA	5.1574	0.056	NA	0.4703	1.612	NA	2.181	17.3065	NA	27.9923	3.0561	NA	8.4259	3.6482	NA	7.3385	0	1.4	230.17	4.48	NA	1.4	0	7	0.1354532256	0
